0 5
0 87
0 55
0 32
0 59
0 4
0 3
0 72
0 48
0 20
0 42
1 72
1 84
1 38
1 47
1 46
1 4
1 78
1 96
1 68
1 58
1 17
1 21
1 30
2 40
2 85
2 94
2 80
2 39
2 75
2 43
2 47
2 79
2 92
2 73
2 82
3 18
3 69
3 73
3 49
3 77
3 81
3 67
3 76
3 94
3 47
4 58
4 30
4 48
4 34
4 61
4 6
4 10
4 73
5 54
5 75
5 33
5 28
5 79
6 66
6 70
6 10
6 83
6 64
6 50
6 77
6 36
6 54
6 17
6 12
6 94
7 17
7 12
7 11
7 99
7 19
7 9
7 89
7 78
7 32
7 54
7 49
8 68
8 45
8 30
8 96
8 72
8 81
8 80
8 48
8 24
9 30
9 10
9 79
9 32
9 18
9 13
10 36
10 63
10 58
10 26
10 39
10 16
10 99
10 18
10 77
11 74
11 45
11 30
11 82
11 77
12 86
12 81
12 79
12 60
12 55
12 27
13 88
13 32
13 36
13 72
13 67
13 62
13 34
13 43
13 38
13 14
13 98
14 15
14 37
14 49
14 91
14 53
14 80
15 91
15 53
15 57
15 20
15 24
15 19
15 65
15 87
15 44
16 65
16 45
16 17
16 61
16 33
16 42
16 89
17 39
17 57
17 33
17 21
18 91
18 95
18 43
18 29
18 33
18 69
18 41
18 59
18 68
18 63
19 98
19 97
19 74
19 92
19 32
19 45
19 26
19 21
19 48
19 33
20 48
20 64
20 82
20 50
20 27
20 36
20 44
21 45
21 22
21 35
21 63
21 61
21 89
21 93
21 79
22 37
22 27
22 74
22 96
22 44
22 30
23 48
23 34
23 47
23 68
23 27
23 26
24 74
24 87
24 50
24 54
24 89
24 38
24 33
25 32
25 81
25 30
25 48
26 95
26 85
26 69
26 63
26 31
27 74
27 60
27 73
27 63
27 31
27 35
27 85
27 84
27 43
27 61
28 52
28 51
28 68
28 91
29 63
29 85
29 37
29 88
29 78
29 96
29 82
30 65
30 92
30 87
30 54
30 31
30 95
30 56
30 51
31 70
31 38
31 37
31 98
31 87
31 46
31 82
31 58
31 91
32 87
32 81
32 99
32 62
32 88
33 79
33 87
33 50
33 91
33 80
34 90
34 76
34 94
34 43
34 51
34 73
35 46
35 68
35 77
35 49
35 86
36 53
36 37
36 98
36 92
36 55
36 59
36 54
36 39
36 85
37 82
37 72
37 80
37 47
37 89
37 79
37 64
38 98
38 79
38 83
38 92
38 87
38 45
38 77
39 56
39 51
39 88
40 50
40 67
40 48
40 57
40 56
40 93
40 69
40 55
41 90
41 94
41 57
42 96
42 58
42 76
42 93
42 60
42 49
43 96
43 59
43 68
43 63
43 86
43 57
43 61
43 92
44 98
44 60
44 78
44 72
44 57
44 66
44 75
45 81
45 90
45 76
45 89
45 57
45 61
45 47
45 69
45 55
45 64
45 50
46 98
46 97
46 78
46 96
46 72
46 85
46 84
46 70
47 71
47 75
47 92
47 87
47 96
47 95
47 81
47 85
48 72
48 80
48 57
48 51
48 69
48 96
48 82
49 98
49 51
49 50
49 76
49 85
49 71
49 80
49 61
49 56
50 62
50 75
50 51
50 98
50 82
51 67
51 95
52 79
52 96
52 85
52 94
52 53
52 66
53 85
53 94
53 71
53 75
53 70
53 78
53 55
53 64
53 91
53 77
54 78
54 91
54 95
55 83
55 71
56 67
56 76
56 89
56 70
56 69
56 63
57 74
57 91
57 72
57 86
58 94
58 66
58 74
58 96
59 86
60 92
60 96
60 63
60 72
60 84
60 93
60 70
60 65
61 99
61 76
61 97
61 65
61 96
61 77
62 92
62 91
62 90
62 97
63 95
63 66
64 75
64 97
64 83
64 69
65 85
65 66
66 97
66 92
67 70
68 87
68 96
68 85
68 70
69 95
69 91
70 76
70 89
71 95
72 94
72 96
72 82
73 86
73 75
73 84
74 84
74 78
74 90
75 86
75 81
75 99
75 82
76 91
76 95
76 89
78 86
78 90
78 80
79 93
79 96
79 84
80 89
81 84
82 97
82 83
82 91
82 99
84 92
84 98
87 89
88 89
88 91
89 94
89 93
90 95
90 98
92 94
93 96
94 99
95 99
98 99
